 Quantity      predicted    target     norm_pred   norm_tar    sq diff.      weight    objective * 100^2 
------------------------------------------------------------------------------------------------------------------------
 a_hcp   :   5.98672782   5.57678969   5.98672782   5.57678969   0.16804927 500.00000000    840246.35
 c/a     :   1.61845600   1.58731122  12.16946783  11.93528444   0.05484186 100.00000000     54841.86
 a_omega :   9.33226327   8.73254342   1.16653291   1.09156793   0.00561975  10.00000000       561.97
 c_omega :   5.63325727   5.32343103   0.70415716   0.66542888   0.00149988  10.00000000       149.99
 a_4h    :   5.98584774   5.56325146   1.07596210   1.00000000   0.00577024   1.00000000        57.70
 c_4h    :  19.36503335  17.75908031   1.09042997   1.00000000   0.00817758   1.00000000        81.78
 a_6h    :   5.98154057   5.54639384   1.07845579   1.00000000   0.00615531   1.00000000        61.55
 c_6h    :  29.11473746  26.77136353   1.08753286   1.00000000   0.00766200   1.00000000        76.62
 a_bcc   :   6.04975325   6.17948863   0.86425046   0.88278409   0.00034350   1.00000000         3.43
 a_fcc   :   8.44207871   7.88677000   1.20601124   1.12668143   0.00629322   1.00000000        62.93
 DE(o,h) :  -0.76993833  -0.63343333  -0.05132922  -0.04222889   0.00008282 500.00000000       414.08
 DE(4h,h):   0.76645750   3.17160000   0.00306583   0.01268640   0.00009256 500.00000000       462.78
 DE(6h,h):   1.78053000   3.72005000   0.00712212   0.01488020   0.00006019 500.00000000       300.94
 DE(b,h) :  25.22576500   7.63520000   0.25480571   0.07712323   0.03157106   1.00000000       315.71
 DE(f,h) :   3.54930500   4.51880000   0.03585157   0.04564444   0.00009590 500.00000000       479.50
 c_11    : 103.57652223 176.10000000   0.45243752   0.76923077   0.10035796  10.00000000     10035.80
 c_33    : 162.76310637 190.50000000   0.65723039   0.76923077   0.01254408  10.00000000      1254.41
 c_44    :  28.85957408  50.80000000   0.43700142   0.76923077   0.11037634  10.00000000     11037.63
 c_12    :  97.09534670  86.90000000   0.85947904   0.76923077   0.00814475  10.00000000       814.47
 c_13    :  25.55784315  68.30000000   0.28784596   0.76923077   0.23173133  10.00000000     23173.13
 M_freq_0:   2.31425190   2.85858719   0.44976606   0.55555556   0.01119142   0.10000000        11.19
 M_freq_1:   2.31425191   2.85858719   0.44976606   0.55555556   0.01119142   0.10000000        11.19
 M_freq_2:   2.31425191   2.85858719   0.44976606   0.55555556   0.01119142   0.10000000        11.19
 M_freq_3:   2.31425192   2.85858719   0.44976606   0.55555556   0.01119142   0.10000000        11.19
 M_freq_4:   5.23085437   5.66706047   0.51279322   0.55555556   0.00182862   0.10000000         1.83
 M_freq_5:   5.23085437   5.66706047   0.51279322   0.55555556   0.00182862   0.10000000         1.83
 H_freq_0:   4.23058992   4.80643423   0.48899613   0.55555556   0.00443016   0.10000000         4.43
 H_freq_1:   4.23058992   5.58010025   0.42119812   0.55555556   0.01805192   0.10000000        18.05
 H_freq_2:   5.90899151   5.65316738   0.58069624   0.55555556   0.00063205   0.10000000         0.63
 H_freq_3:   5.90899151   6.36651842   0.51563081   0.55555556   0.00159399   0.10000000         1.59
 H_freq_4:   6.89549246   6.40050186   0.59852012   0.55555556   0.00184595   0.10000000         1.85
 H_freq_5:   6.89549246   7.64082373   0.50136337   0.55555556   0.00293679   0.10000000         2.94
 bandw. G:   4.47219295   5.87085872   0.42320072   0.55555556   0.01751780   5.00000000       875.89
 bandw. K:   5.10077620   4.97424321   0.56968758   0.55555556   0.00019971   5.00000000         9.99
 bandw. M:   6.66543148   7.78109872   0.47589905   0.55555556   0.00634516   5.00000000       317.26
 bandw. L:   5.28717427   6.34433701   0.46298282   0.55555556   0.00856971   5.00000000       428.49
 bandw. H:   4.05041631   9.70902614   0.23176694   0.55555556   0.10483907   5.00000000      5241.95
 DOS_err :   0.00000000   0.00000000   0.00000000   0.00000000   0.00000000   1.00000000         0.00
